1	0	0	0.000001
2	0	0	0.000001
3	0	0	0.000001
4	0	0	0.000001
5	0	0	0.000195
6	0	0	0.000540
7	0	0	0.000001
8	0	0	0.000909
9	0	0	0.001755
10	0	0	0.001110
11	0	0	0.000561
12	0	0	0.001162
13	0	0	0.000636
14	0	0	0.000937
15	0	0	0.000067
16	0	0	0.003459
17	0	0	0.001747
18	0	0	0.001808
19	0	0	0.000134
20	0	0	0.003474
21	0	0	0.003745
22	0	0	0.002486
23	0	0	0.008168
24	0	0	0.013736
25	0	0	0.004839
26	0	0	0.065550
27	0	0	0.052797
28	0	0	0.036668
29	0	0	0.051960
30	0	0	0.023889
31	0	0	0.010778
32	0	0	0.011407
33	0	0	0.004248
34	0	0	0.043538
35	0	0	0.003262
36	0	0	0.193800
37	0	0	0.141454
38	0	0	0.175197
39	3	4	0.000001
40	1	2	0.000065
41	39	40	0.000325
42	7	41	0.002155
43	5	6	0.001520
44	9	43	0.000595
45	8	42	0.000408
46	44	45	0.000619
47	10	46	0.001486
48	11	13	0.001062
49	12	14	0.002096
50	18	48	0.003623
51	15	19	0.004007
52	17	47	0.002693
53	16	49	0.002056
54	20	22	0.011945
55	21	51	0.003542
56	52	53	0.008212
57	23	50	0.009489
58	25	55	0.053103
59	24	54	0.049434
60	56	57	0.009959
61	30	60	0.044211
62	31	32	0.077982
63	28	29	0.059446
64	27	58	0.145102
65	26	59	0.021179
66	33	35	0.266240
67	63	64	0.092078
68	62	65	0.084612
69	34	61	0.274850
70	36	67	0.136453
71	66	69	0.050855
72	37	68	0.049322
73	38	72	0.197717
74	70	71	0.041804
75	73	74	0
