1	0	0	0.000001
2	0	0	0.000027
3	0	0	0.000001
4	0	0	0.000060
5	0	0	0.000001
6	0	0	0.000933
7	0	0	0.000610
8	0	0	0.001142
9	0	0	0.000627
10	0	0	0.001855
11	0	0	0.001776
12	0	0	0.000092
13	0	0	0.000726
14	0	0	0.000862
15	0	0	0.000547
16	0	0	0.000734
17	0	0	0.001241
18	0	0	0.000060
19	0	0	0.003068
20	0	0	0.002670
21	0	0	0.001696
22	0	0	0.010161
23	0	0	0.001085
24	0	0	0.052261
25	0	0	0.006553
26	0	0	0.007555
27	0	0	0.008940
28	0	0	0.005251
29	0	0	0.043670
30	0	0	0.030127
31	0	0	0.041778
32	0	0	0.020773
33	0	0	0.118015
34	0	0	0.003501
35	0	0	0.147539
36	0	0	0.036116
37	0	0	0.002069
38	0	0	0.162517
39	1	2	0.000060
40	3	39	0.000030
41	4	5	0.000001
42	40	41	0.001689
43	6	42	0.000512
44	8	43	0.000209
45	7	9	0.001079
46	44	45	0.000295
47	14	16	0.001684
48	17	46	0.001676
49	13	15	0.000526
50	12	18	0.002803
51	10	11	0.008574
52	19	50	0.003390
53	22	51	0.040524
54	23	49	0.002959
55	20	47	0.001909
56	21	48	0.001842
57	28	52	0.042059
58	24	53	0.014870
59	26	27	0.060443
60	25	54	0.006635
61	55	56	0.006517
62	29	57	0.123621
63	58	59	0.070843
64	30	31	0.044961
65	60	61	0.007085
66	33	63	0.034509
67	62	64	0.079636
68	32	65	0.040263
69	38	67	0.119399
70	36	68	0.267319
71	34	37	0.235986
72	35	66	0.188226
73	71	72	0.019574
74	69	70	0.019574
75	73	74	0
