1	0	0	0.003895
2	0	0	0.002324
3	0	0	0.002163
4	0	0	0.001695
5	0	0	0.125690
6	0	0	0.070064
7	0	0	0.001066
8	0	0	0.001803
9	0	0	0.138055
10	0	0	0.000996
11	0	0	0.065718
12	0	0	0.367902
13	0	0	0.003816
14	0	0	0.330899
15	0	0	0.003586
16	0	0	0.166771
17	0	0	0.003160
18	0	0	0.002190
19	0	0	0.061023
20	0	0	0.005726
21	0	0	0.005202
22	0	0	0.006522
23	0	0	0.145000
24	0	0	0.011900
25	0	0	0.001243
26	0	0	0.005379
27	0	0	0.039473
28	0	0	0.838006
29	0	0	0.520883
30	0	0	0.377422
31	0	0	0.476098
32	3	4	0.000736
33	1	2	0.057521
34	7	8	0.225311
35	5	9	0.049533
36	6	33	0.016586
37	10	32	0.366597
38	11	36	0.021445
39	16	35	0.083379
40	15	18	0.000566
41	14	34	0.295540
42	13	17	0.008396
43	12	37	0.074455
44	19	38	0.132778
45	25	40	0.064680
46	41	43	0.047182
47	20	21	0.059726
48	26	42	0.366116
49	23	39	0.400005
50	22	24	0.028639
51	44	48	0.090052
52	45	47	0.419759
53	29	46	0.044370
54	28	49	0.364404
55	27	50	0.189215
56	30	52	0.087047
57	53	54	0.046478
58	51	55	0.685193
59	31	57	0.072749
60	56	58	0.083732
61	59	60	0
