1	0	0	0.002741
2	0	0	0.005187
3	0	0	0.003692
4	0	0	0.002775
5	0	0	0.000393
6	0	0	0.000394
7	0	0	0.000194
8	0	0	0.000787
9	0	0	0.004263
10	0	0	0.003628
11	0	0	0.003304
12	0	0	0.003734
13	0	0	0.003514
14	0	0	0.003039
15	0	0	0.000986
16	0	0	0.000224
17	0	0	0.000135
18	0	0	0.000132
19	0	0	0.006099
20	0	0	0.003350
21	0	0	0.002726
22	0	0	0.001923
23	0	0	0.004317
24	0	0	0.002839
25	0	0	0.009965
26	0	0	0.005844
27	0	0	0.002360
28	0	0	0.000337
29	0	0	0.006080
30	0	0	0.001890
31	0	0	0.001300
32	0	0	0.043872
33	0	0	0.002578
34	0	0	0.002605
35	0	0	0.001737
36	0	0	0.000001
37	0	0	0.004172
38	0	0	0.172803
39	0	0	0.000329
40	0	0	0.002232
41	0	0	0.002559
42	0	0	0.004530
43	0	0	0.000066
44	0	0	0.003688
45	0	0	0.000713
46	0	0	0.004861
47	0	0	0.080207
48	0	0	0.019242
49	0	0	0.078518
50	0	0	0.003293
51	3	4	0.000872
52	1	2	0.001552
53	6	7	0.002582
54	51	52	0.000881
55	5	8	0.003945
56	10	55	0.000698
57	11	54	0.000916
58	9	53	0.001204
59	12	58	0.001161
60	13	14	0.001540
61	17	18	0.004429
62	15	16	0.003041
63	56	57	0.001159
64	21	59	0.000872
65	23	60	0.000740
66	20	63	0.000629
67	19	22	0.001450
68	61	62	0.000659
69	25	26	0.003807
70	66	68	0.075065
71	24	64	0.002163
72	65	67	0.000293
73	27	31	0.001776
74	29	69	0.137130
75	71	72	0.000617
76	32	70	0.069232
77	28	30	0.002791
78	74	76	0.052970
79	34	35	0.128525
80	75	77	0.001095
81	33	73	0.189862
82	36	39	0.000001
83	38	78	0.086082
84	37	80	0.018785
85	79	81	0.033097
86	42	46	0.205150
87	41	44	0.000495
88	40	45	0.002167
89	43	82	0.000018
90	47	49	0.085578
91	83	85	0.029264
92	48	84	0.159111
93	86	91	0.039084
94	50	88	0.223289
95	90	92	0.102840
96	87	89	0.241030
97	93	94	0.063093
98	95	96	0.047329
99	97	98	0
