1	0	0	0.000001
2	0	0	0.000001
3	0	0	0.000001
4	0	0	0.000001
5	0	0	0.000195
6	0	0	0.000001
7	0	0	0.000540
8	0	0	0.001755
9	0	0	0.000909
10	0	0	0.001162
11	0	0	0.000636
12	0	0	0.000937
13	0	0	0.001110
14	0	0	0.000561
15	0	0	0.001747
16	0	0	0.001808
17	0	0	0.003459
18	0	0	0.008168
19	0	0	0.023889
20	0	0	0.043538
21	3	4	0.000065
22	1	2	0.000001
23	21	22	0.000325
24	6	23	0.002155
25	5	7	0.001520
26	9	24	0.000408
27	8	25	0.000595
28	26	27	0.000619
29	11	14	0.001062
30	13	28	0.001486
31	10	12	0.002096
32	17	31	0.002056
33	15	30	0.002693
34	16	29	0.003623
35	32	33	0.008212
36	18	34	0.009489
37	35	36	0.009959
38	19	37	0.044211
39	20	38	0
