1	0	0	0.000001
2	0	0	0.000001
3	0	0	0.000001
4	0	0	0.000001
5	0	0	0.005187
6	0	0	0.000064
7	0	0	0.002775
8	0	0	0.000001
9	0	0	0.000001
10	0	0	0.000064
11	0	0	0.000195
12	0	0	0.000001
13	0	0	0.000128
14	0	0	0.002741
15	0	0	0.003692
16	0	0	0.000001
17	0	0	0.000001
18	0	0	0.000540
19	0	0	0.000644
20	0	0	0.000393
21	0	0	0.000194
22	0	0	0.000909
23	0	0	0.001755
24	0	0	0.000394
25	0	0	0.000787
26	0	0	0.000193
27	0	0	0.000001
28	0	0	0.000120
29	0	0	0.004263
30	0	0	0.003304
31	0	0	0.000136
32	0	0	0.003628
33	0	0	0.001110
34	0	0	0.001162
35	0	0	0.003039
36	0	0	0.000636
37	0	0	0.000937
38	0	0	0.000224
39	0	0	0.003734
40	0	0	0.003514
41	0	0	0.000135
42	0	0	0.000132
43	0	0	0.000561
44	0	0	0.000128
45	0	0	0.000986
46	0	0	0.006099
47	0	0	0.019222
48	0	0	0.003061
49	0	0	0.003459
50	0	0	0.002726
51	0	0	0.001923
52	0	0	0.000067
53	0	0	0.024366
54	0	0	0.001808
55	0	0	0.000134
56	0	0	0.003350
57	0	0	0.004644
58	0	0	0.001747
59	0	0	0.004317
60	0	0	0.003745
61	0	0	0.002375
62	0	0	0.005844
63	0	0	0.001754
64	0	0	0.008168
65	0	0	0.009965
66	0	0	0.190058
67	0	0	0.003474
68	0	0	0.002486
69	0	0	0.002839
70	0	0	0.000337
71	0	0	0.116750
72	0	0	0.141070
73	0	0	0.013736
74	0	0	0.001300
75	0	0	0.687469
76	0	0	0.879252
77	0	0	0.002360
78	0	0	0.001890
79	0	0	0.295771
80	0	0	0.006080
81	0	0	0.043872
82	0	0	0.004839
83	0	0	0.023889
84	0	0	0.270296
85	0	0	0.002578
86	0	0	0.065550
87	0	0	0.052797
88	0	0	0.285199
89	0	0	0.000001
90	0	0	0.002605
91	0	0	0.010778
92	0	0	0.036668
93	0	0	0.051960
94	0	0	0.001737
95	0	0	0.011407
96	0	0	0.000001
97	0	0	0.457490
98	0	0	0.170781
99	0	0	0.419785
100	0	0	0.004248
101	0	0	0.295782
102	0	0	0.001258
103	0	0	0.324236
104	0	0	0.172803
105	0	0	0.000001
106	0	0	0.004172
107	0	0	0.286399
108	0	0	0.503074
109	0	0	0.043538
110	0	0	0.000329
111	0	0	0.003262
112	0	0	0.002163
113	0	0	0.001695
114	0	0	0.019242
115	0	0	0.078518
116	0	0	0.000622
117	0	0	0.004530
118	0	0	0.000066
119	0	0	0.003688
120	0	0	0.004861
121	0	0	0.002232
122	0	0	0.187338
123	0	0	0.001452
124	0	0	0.000713
125	0	0	0.193800
126	0	0	0.141454
127	0	0	0.009830
128	0	0	0.002559
129	0	0	0.080207
130	0	0	0.138055
131	0	0	0.001066
132	0	0	0.125690
133	0	0	0.209741
134	0	0	0.175197
135	0	0	0.000996
136	0	0	0.003293
137	0	0	0.001803
138	0	0	0.004247
139	0	0	0.622039
140	0	0	0.022739
141	0	0	0.408641
142	0	0	0.330899
143	0	0	0.166771
144	0	0	0.367902
145	0	0	0.002446
146	0	0	0.004376
147	0	0	0.005205
148	0	0	0.145000
149	0	0	0.494370
150	0	0	0.026252
151	0	0	0.003586
152	0	0	0.002190
153	0	0	0.838006
154	0	0	0.520883
155	0	0	0.037573
156	0	0	0.005202
157	0	0	0.005726
158	0	0	0.001243
159	0	0	0.372544
160	0	0	0.002324
161	0	0	0.003895
162	0	0	0.476098
163	0	0	0.070064
164	0	0	0.377422
165	0	0	0.006522
166	0	0	0.011900
167	0	0	0.039473
168	0	0	0.065718
169	0	0	0.061023
170	0	0	0.005379
171	0	0	0.003816
172	0	0	0.003160
173	3	4	0.000065
174	1	2	0.000001
175	173	174	0.000325
176	8	175	0.002155
177	9	16	0.000001
178	7	15	0.000872
179	11	18	0.001520
180	6	13	0.000064
181	17	19	0.000320
182	10	12	0.000192
183	5	14	0.001552
184	22	176	0.000408
185	21	24	0.002582
186	180	181	0.000064
187	178	183	0.000881
188	23	179	0.000595
189	177	182	0.000001
190	20	25	0.003945
191	29	185	0.001204
192	184	188	0.000619
193	27	189	0.000064
194	26	186	0.001021
195	32	190	0.000698
196	28	31	0.001274
197	30	187	0.000916
198	39	191	0.001161
199	194	196	0.000576
200	36	43	0.001062
201	195	197	0.001159
202	34	37	0.002096
203	44	193	0.001731
204	38	45	0.003041
205	33	192	0.001486
206	41	42	0.004429
207	35	40	0.001540
208	199	203	0.000984
209	52	55	0.004007
210	50	198	0.000872
211	47	53	0.200056
212	59	207	0.000740
213	46	51	0.001450
214	48	57	0.000575
215	54	200	0.003623
216	58	205	0.002693
217	49	202	0.002056
218	204	206	0.000659
219	56	201	0.000629
220	218	219	0.075065
221	212	213	0.000293
222	208	214	0.140940
223	62	65	0.003807
224	216	217	0.008212
225	66	211	0.152247
226	67	68	0.011945
227	69	210	0.002163
228	60	209	0.003542
229	61	63	0.116798
230	64	215	0.009489
231	79	225	0.265080
232	70	78	0.002791
233	74	77	0.001776
234	80	223	0.137130
235	221	227	0.000617
236	222	229	0.029336
237	224	230	0.009959
238	82	228	0.053103
239	75	76	0.401825
240	73	226	0.049434
241	71	72	0.029194
242	81	220	0.069232
243	92	93	0.059446
244	234	242	0.052970
245	85	233	0.189862
246	86	240	0.021179
247	87	238	0.145102
248	236	241	0.053090
249	83	237	0.044211
250	90	94	0.128525
251	84	88	0.067698
252	232	235	0.001095
253	231	239	0.079566
254	89	96	0.000751
255	91	95	0.077982
256	109	249	0.274850
257	246	255	0.084612
258	102	254	0.010925
259	104	244	0.086082
260	98	248	0.045277
261	100	111	0.266240
262	108	253	0.199889
263	103	107	0.471250
264	99	251	0.172588
265	106	252	0.018785
266	105	110	0.000001
267	245	250	0.033097
268	97	101	0.172294
269	243	247	0.092078
270	122	260	0.074201
271	256	261	0.050855
272	117	120	0.205150
273	115	129	0.085578
274	126	257	0.049322
275	121	124	0.002167
276	114	265	0.159111
277	116	123	0.007774
278	112	113	0.000736
279	125	269	0.136453
280	259	267	0.029264
281	264	268	0.074198
282	118	266	0.000018
283	127	258	0.004918
284	119	128	0.000495
285	262	263	0.071886
286	271	279	0.041804
287	133	270	0.255123
288	282	284	0.241030
289	134	274	0.197717
290	135	278	0.366597
291	281	285	0.040543
292	136	275	0.223289
293	272	280	0.039084
294	131	137	0.225311
295	277	283	0.022750
296	130	132	0.049533
297	273	276	0.102840
298	138	147	0.029006
299	143	296	0.083379
300	140	295	0.007593
301	286	289	0.075834
302	142	294	0.295540
303	141	287	0.440452
304	139	291	0.041305
305	144	290	0.074455
306	145	146	0.027229
307	288	297	0.047329
308	292	293	0.063093
309	307	308	0.230649
310	298	306	0.468558
311	302	305	0.047182
312	150	300	0.019398
313	148	299	0.400005
314	149	303	0.078498
315	301	304	0.073946
316	309	310	0.384992
317	153	313	0.364404
318	314	315	0.111105
319	154	311	0.044370
320	155	312	0.462202
321	151	152	0.000566
322	158	321	0.064680
323	317	319	0.046478
324	318	320	0.320379
325	159	316	0.098591
326	156	157	0.059726
327	162	323	0.072749
328	322	326	0.419759
329	160	161	0.057521
330	324	325	0.185452
331	164	328	0.087047
332	163	329	0.016586
333	165	166	0.028639
334	327	330	0.083732
335	331	334	0.685193
336	167	333	0.189215
337	168	332	0.021445
338	335	336	0.090052
339	169	337	0.132778
340	338	339	0.366116
341	170	340	0.008396
342	171	172	341	0
