1	0	0	0.000644
2	0	0	0.000064
3	0	0	0.000001
4	0	0	0.000001
5	0	0	0.000001
6	0	0	0.000064
7	0	0	0.000128
8	0	0	0.000001
9	0	0	0.000193
10	0	0	0.000120
11	0	0	0.000136
12	0	0	0.000001
13	0	0	0.000128
14	0	0	0.004644
15	0	0	0.003061
16	0	0	0.001754
17	0	0	0.002375
18	0	0	0.141070
19	0	0	0.116750
20	0	0	0.170781
21	0	0	0.187338
22	0	0	0.209741
23	6	8	0.000192
24	1	5	0.000320
25	2	7	0.000064
26	3	4	0.000001
27	23	26	0.000001
28	24	25	0.000064
29	12	27	0.000064
30	10	11	0.001274
31	9	28	0.001021
32	13	29	0.001731
33	30	31	0.000576
34	32	33	0.000984
35	14	15	0.000575
36	16	17	0.116798
37	34	35	0.140940
38	36	37	0.029336
39	18	19	0.029194
40	38	39	0.053090
41	20	40	0.045277
42	21	41	0.074201
43	22	42	0
